1482050820 
1482050830 
1482050840 
1482050850 
1482050860 
1482050870 
1482050880 
1482050890 
1482050900 
1482050910 
1482050920 
1482050930 
1482050940 
1482050950 
1482050960 
1482050970 
1482050980 
1482050990 
1482051000 
1482051010 
1482051020 
1482051030 
1482051040 
1482051050 
1482051060 
1482051070 
1482051080 
1482051090 
1482051100 
1482051110 
1482051120 
1482051130 
1482051140 
1482051150 
1482051160 
1482051170 
1482051180 
1482051190 
1482051200 
1482051210 
1482051220 
1482051230 
1482051240 
1482051250 
1482051260 
1482051270 
1482051280 
1482051290 
1482051300 
1482051310 
1482051320 
1482051330 
1482051340 
1482051350 
1482051360 
1482051370 
1482051380 
1482051390 
1482051400 
1482051410 
1482051420 
1482051430 
1482051440 
1482051450 
1482051460 
1482051470 
1482051480 
1482051490 
1482051500 
1482051510 
1482051520 
1482051530 
1482051540 
1482051550 
1482051560 
1482051570 
1482051580 
1482051590 
1482051600 
1482051610 
1482051620 
1482051630 
1482051640 
1482051650 
1482051660 
1482051670 
1482051680 
1482051690 
1482051700 
1482051710 
1482051720 
1482051730 
1482051740 
1482051750 
1482051760 
1482051770 
1482051780 
1482051790 
1482051800 
1482051810 
1482051820 
1482051830 
1482051840 
1482051850 
1482051860 
1482051870 
1482051880 
1482051890 
1482051900 
1482051910 
1482051920 
1482051930 
1482051940 
1482051950 
1482051960 
1482051970 
1482051980 
1482051990 
1482052000 
1482052010 
1482052020 
1482052030 
1482052040 
1482052050 
1482052060 
1482052070 
1482052080 
1482052090 
1482052100 
1482052110 
1482052120 
1482052130 
1482052140 
1482052150 
1482052160 
1482052170 
1482052180 
1482052190 
1482052200 
1482052220 
1482052230 
1482052240 
1482052250 
1482052260 
1482052270 
1482052280 
1482052290 
1482052300 
1482052310 
1482052320 
1482052330 
1482052340 
1482052350 
1482052360 
1482052370 
1482052380 
1482052390 
1482052400 
1482052410 
1482052420 
1482052430 
1482052440 
1482052450 
1482052460 
1482052470 
1482052480 
1482052490 
1482052500 
1482052510 
1482052520 
1482052530 
1482052540 
1482052550 
1482052560 
1482052570 
1482052580 
1482052590 
1482052600 
1482052610 
1482052620 
1482052630 
1482052640 
1482052650 
1482052660 
1482052670 
1482052680 
1482052690 
1482052700 
1482052710 
1482052720 
1482052730 
1482052740 
1482052750 
1482052760 
1482052770 
1482052780 
1482052790 
1482052800 
1482052810 
1482052820 
1482052830 
1482052840 
1482052850 
1482052860 
1482052870 
1482052880 
1482052890 
1482052900 
1482052910 
1482052920 
1482052930 
1482052940 
1482052950 
1482052960 
1482052970 
1482052980 
1482052990 
1482053000 
1482053010 
1482053020 
1482053030 
1482053040 
1482053050 
1482053060 
1482053070 
1482053080 
1482053090 
1482053100 
1482053110 
1482053120 
1482053130 
1482053140 
1482053150 
1482053160 
1482053170 
1482053180 
1482053190 
1482053200 
1482053210 
1482053220 
1482053230 
1482053240 
1482053250 
1482053260 
1482053270 
1482053280 
1482053290 
1482053300 
1482053310 
1482053320 
1482053330 
1482053340 
1482053350 
1482053360 
1482053370 
1482053380 
1482053390 
1482053400 
1482053410 
1482053420 
1482053430 
1482053440 
1482053450 
1482053460 
1482053470 
1482053480 
1482053490 
1482053500 
1482053510 
1482053520 
1482053530 
1482053540 
1482053550 
1482053560 
1482053570 
1482053580 
1482053590 
1482053600 
1482053610 
1482053620 
1482053630 
1482053640 
1482053650 
1482053660 
1482053670 
1482053680 
1482053690 
1482053700 
1482053710 
1482053720 
1482053730 
1482053740 
1482053750 
1482053760 
1482053770 
1482053780 
1482053790 
1482053800 
1482053810 
1482053820 
1482053830 
1482053840 
1482053850 
1482053860 
1482053870 
1482053880 
1482053890 
1482053900 
1482053910 
1482053920 
1482053930 
1482053940 
1482053950 
1482053960 
1482053970 
1482053980 
1482053990 
1482054000 
1482054010 
1482054020 
1482054030 
1482054040 
1482054050 
1482054060 
1482054070 
1482054080 
1482054090 
1482054100 
1482054110 
1482054120 
1482054130 
1482054140 
1482054150 
1482054160 
1482054170 
1482054180 
1482054190 
1482054200 
1482054210 
1482054220 
1482054230 
1482054240 
1482054250 
1482054260 
1482054270 
1482054280 
1482054290 
1482054300 
1482054310 
1482054320 
1482054330 
1482054340 
1482054350 
1482054360 
1482054370 
1482054380 
1482054390 
1482054400 
1482054410 
1482054420 
1482054430 
1482054440 
1482054450 
1482054460 
1482054470 
1482054480 
1482054490 
1482054500 
1482054510 
1482054520 
1482054530 
1482054540 
1482054550 
1482054560 
1482054570 
1482054580 
1482054590 
1482054600 
1482054610 
1482054620 
1482054630 
1482054640 
1482054650 
1482054660 
1482054670 
1482054680 
1482054690 
1482054700 
1482054710 
1482054720 
1482054730 
1482054740 
1482054750 
1482054760 
1482054770 
1482054780 
1482054790 
1482054800 
1482054810 
1482054820 
1482054830 
1482054840 
1482054850 
1482054860 
1482054870 
1482054880 
1482054890 
1482054900 
1482054910 
1482054920 
1482054930 
1482054940 
1482054950 
1482054960 
1482054970 
1482054980 
1482054990 
1482055000 
1482055010 
1482055020 
1482055030 
1482055040 
1482055050 
1482055060 
1482055070 
1482055080 
1482055090 
1482055100 
1482055110 
1482055120 
1482055130 
1482055140 
1482055150 
1482055160 
1482055170 
1482055180 
1482055190 
1482055200 
1482055210 
1482055220 
1482055230 
1482055240 
1482055250 
1482055260 
1482055270 
1482055280 
1482055290 
1482055300 
1482055310 
1482055320 
1482055330 
1482055340 
1482055350 
1482055360 
1482055370 
1482055380 
1482055390 
1482055400 
1482055410 
1482055420 
1482055430 
1482055440 
1482055450 
1482055460 
1482055470 
1482055480 
1482055490 
1482055500 
1482055510 
1482055520 
1482055530 
1482055540 
1482055550 
1482055560 
1482055570 
1482055580 
1482055590 
1482055600 
1482055610 
1482055620 
1482055630 
1482055640 
1482055650 
1482055660 
1482055670 
1482055680 
1482055690 
1482055700 
1482055710 
1482055720 
1482055730 
1482055740 
1482055750 
1482055760 
1482055770 
1482055780 
1482055790 
1482055800 
1482055810 
1482055820 
1482055830 
1482055840 
1482055850 
1482055860 
1482055870 
1482055880 
1482055890 
1482055900 
1482055910 
1482055920 
1482055930 
1482055940 
1482055950 
1482055960 
1482055970 
1482055980 
1482055990 
1482056000 
1482056010 
1482056020 
1482056030 
1482056040 
1482056050 
1482056060 
1482056070 
1482056080 
1482056090 
1482056100 
1482056110 
1482056120 
1482056130 
1482056140 
1482056150 
1482056160 
1482056170 
1482056180 
1482056190 
1482056200 
1482056210 
1482056220 
1482056230 
1482056240 
1482056250 
1482056260 
1482056270 
1482056280 
1482056290 
1482056300 
1482056310 
1482056320 
1482056330 
1482056340 
1482056350 
1482056360 
1482056370 
1482056380 
1482056390 
1482056400 
1482056410 
1482056420 
1482056430 
1482056440 
1482056450 
1482056460 
1482056470 
1482056480 
1482056490 
1482056500 
1482056510 
1482056520 
1482056530 
1482056540 
1482056550 
1482056560 
1482056570 
1482056580 
1482056590 
1482056600 
1482056610 
1482056620 
1482056630 
1482056640 
1482056650 
1482056660 
1482056670 
1482056680 
1482056690 
1482056700 
1482056710 
1482056720 
1482056730 
1482056740 
1482056750 
1482056760 
1482056770 
1482056780 
1482056790 
1482056800 
1482056810 
1482056820 
1482056830 
1482056840 
1482056850 
1482056860 
1482056870 
1482056880 
1482056890 
1482056900 
1482056910 
1482056920 
1482056930 
1482056940 
1482056950 
1482056960 
1482056970 
1482056980 
1482056990 
1482057000 
1482057010 
1482057020 
1482057030 
1482057040 
1482057050 
1482057060 
1482057070 
1482057080 
1482057090 
1482057100 
1482057110 
1482057120 
1482057130 
1482057140 
1482057150 
1482057160 
1482057170 
1482057180 
1482057190 
1482057200 
1482057210 
1482057220 
1482057230 
1482057240 
1482057250 
1482057260 
1482057270 
1482057280 
1482057290 
1482057300 
1482057310 
1482057320 
1482057330 
1482057340 
1482057350 
1482057360 
1482057370 
1482057380 
1482057390 
1482057400 
1482057410 
1482057420 
1482057430 
1482057440 
1482057450 
1482057460 
1482057470 
1482057480 
1482057490 
1482057500 
1482057510 
1482057520 
1482057530 
1482057540 
1482057550 
1482057560 
1482057570 
1482057580 
1482057590 
1482057600 
1482057610 
1482057620 
1482057630 
1482057640 
1482057650 
1482057660 
1482057670 
1482057680 
1482057690 
1482057700 
1482057710 
1482057720 
1482057730 
1482057740 
1482057750 
1482057760 
1482057770 
1482057780 
1482057790 
1482057800 
1482057810 
1482057820 
1482057830 
1482057840 
1482057850 
1482057860 
1482057870 
1482057880 
1482057890 
1482057900 
1482057910 
1482057920 
1482057930 
1482057940 
1482057950 
1482057960 
1482057970 
1482057980 
1482057990 
1482058000 
1482058010 
1482058020 
1482058030 
1482058040 
1482058050 
1482058060 
1482058070 
1482058080 
1482058090 
1482058100 
1482058110 
1482058120 
1482058130 
1482058140 
1482058150 
1482058160 
1482058170 
1482058180 
1482058190 
1482058200 
1482058210 
1482058220 
1482058230 
1482058240 
1482058250 
1482058260 
1482058270 
1482058280 
1482058290 
1482058300 
1482058310 
1482058320 
1482058330 
1482058340 
1482058350 
1482058360 
1482058370 
1482058380 
1482058390 
1482058400 
1482058410 
1482058420 
1482058430 
1482058440 
1482058450 
1482058460 
1482058470 
1482058480 
1482058490 
1482058500 
1482058510 
1482058520 
1482058530 
1482058540 
1482058550 
1482058560 
1482058570 
1482058580 
1482058590 
1482058600 
1482058610 
1482058620 
1482058630 
1482058640 
1482058650 
1482058660 
1482058670 
1482058680 
1482058690 
1482058700 
1482058710 
1482058720 
1482058730 
1482058740 
1482058750 
1482058760 
1482058770 
1482058780 
1482058790 
1482058800 
1482058810 
1482058820 
1482058830 
1482058840 
1482058850 
1482058860 
1482058870 
1482058880 
1482058890 
1482058900 
1482058910 
1482058920 
1482058930 
1482058940 
1482058950 
1482058960 
1482058970 
1482058980 
1482058990 
1482059000 
1482059010 
1482059020 
1482059030 
1482059040 
1482059050 
1482059060 
1482059070 
1482059080 
1482059090 
1482059100 
1482059110 
1482059120 
1482059130 
1482059140 
1482059150 
1482059160 
1482059170 
1482059180 
1482059190 
1482059200 
1482059210 
1482059220 
1482059230 
1482059240 
1482059250 
1482059260 
1482059270 
1482059280 
1482059290 
1482059300 
1482059310 
1482059320 
1482059330 
1482059340 
1482059350 
1482059360 
1482059370 
1482059380 
1482059390 
1482059400 
1482059410 
1482059420 
1482059430 
1482059440 
1482059450 
1482059470 
1482059480 
1482059490 
1482059500 
1482059510 
1482059520 
1482059530 
1482059540 
1482059550 
1482059560 
1482059570 
1482059580 
1482059590 
1482059600 
1482059610 
1482059620 
1482059630 
1482059640 
1482059650 
1482059660 
1482059670 
1482059680 
1482059690 
1482059700 
1482059710 
1482059720 
1482059730 
1482059740 
1482059750 
1482059760 
1482059770 
1482059780 
1482059790 
1482059800 
1482059810 
1482059820 
1482059830 
1482059840 
1482059850 
1482059860 
1482059870 
1482059880 
1482059890 
1482059900 
1482059910 
1482059920 
1482059930 
1482059940 
1482059950 
1482059960 
1482059970 
1482059980 
1482059990 
1482060000 
1482060010 
1482060020 
1482060030 
1482060040 
1482060050 
1482060060 
1482060070 
1482060080 
1482060090 
1482060100 
1482060110 
1482060120 
1482060130 
1482060140 
1482060150 
1482060160 
1482060170 
1482060180 
1482060190 
1482060200 
1482060210 
1482060220 
1482060230 
1482060240 
1482060250 
1482060260 
1482060270 
1482060280 
1482060290 
1482060300 
1482060310 
1482060320 
1482060330 
1482060340 
1482060350 
1482060360 
1482060370 
1482060380 
1482060390 
1482060400 
1482060410 
1482060420 
1482060430 
1482060440 
1482060450 
1482060460 
1482060470 
1482060480 
1482060490 
1482060500 
1482060510 
1482060520 
1482060530 
1482060540 
1482060550 
1482060560 
1482060570 
1482060580 
1482060590 
1482060600 
1482060610 
1482060620 
1482060630 
1482060640 
1482060650 
1482060660 
1482060670 
1482060680 
1482060690 
1482060700 
1482060710 
1482060720 
1482060730 
1482060740 
1482060750 
1482060760 
1482060770 
1482060780 
1482060790 
1482060800 
1482060810 
1482060820 
1482060830 
1482060840 
1482060850 
1482060860 
1482060870 
1482060880 
1482060890 
1482060900 
1482060910 
1482060920 
1482060930 
1482060940 
1482060950 
1482060960 
1482060970 
1482060980 
1482060990 
1482061000 
1482061010 
1482061020 
1482061030 
1482061040 
1482061050 
1482061060 
1482061070 
1482061080 
1482061090 
1482061100 
1482061110 
1482061120 
1482061130 
1482061140 
1482061150 
1482061160 
1482061170 
1482061180 
1482061190 
1482061200 
1482061210 
1482061220 
1482061230 
1482061240 
1482061250 
1482061260 
1482061270 
1482061280 
1482061290 
1482061300 
1482061310 
1482061320 
1482061330 
1482061340 
1482061350 
1482061360 
1482061370 
1482061380 
1482061390 
1482061400 
1482061410 
1482061420 
1482061430 
1482061440 
1482061450 
1482061460 
1482061470 
1482061480 
1482061490 
1482061500 
1482061510 
1482061520 
1482061530 
1482061540 
1482061550 
1482061560 
1482061570 
1482061580 
1482061590 
1482061600 
1482061610 
1482061620 
1482061630 
1482061640 
1482061650 
1482061660 
1482061670 
1482061680 
1482061690 
1482061700 
1482061710 
1482061720 
1482061730 
1482061740 
1482061750 
1482061760 
1482061770 
1482061780 
1482061790 
1482061800 
1482061810 
1482061820 
1482061830 
1482061840 
1482061850 
1482061860 
1482061870 
1482061880 
1482061890 
1482061900 
1482061910 
1482061920 
1482061930 
1482061940 
1482061950 
1482061960 
1482061970 
1482061980 
1482061990 
1482062000 
1482062010 
1482062020 
1482062030 
1482062040 
1482062050 
1482062060 
1482062070 
1482062080 
1482062090 
1482062100 
1482062110 
1482062120 
1482062130 
1482062140 
1482062150 
1482062160 
1482062170 
1482062180 
1482062190 
1482062200 
1482062210 
1482062220 
1482062230 
1482062240 
1482062250 
1482062260 
1482062270 
1482062280 
1482062290 
1482062300 
1482062310 
1482062320 
1482062330 
1482062340 
1482062350 
1482062360 
1482062370 
1482062380 
1482062390 
1482062400 
1482062410 
1482062420 
1482062430 
1482062440 
1482062450 
1482062460 
1482062470 
1482062480 
1482062490 
1482062500 
1482062510 
1482062520 
1482062530 
1482062540 
1482062550 
1482062560 
1482062570 
1482062580 
1482062590 
1482062600 
1482062610 
1482062620 
1482062630 
1482062640 
1482062650 
1482062660 
1482062670 
1482062680 
1482062690 
1482062700 
1482062710 
1482062720 
1482062730 
1482062740 
1482062750 
1482062760 
1482062770 
1482062780 
1482062790 
1482062800 
1482062810 
1482062820 
1482062830 
1482062840 
1482062850 
1482062860 
1482062870 
1482062880 
1482062890 
1482062900 
1482062910 
1482062920 
1482062930 
1482062940 
1482062950 
1482062960 
1482062970 
1482062980 
1482062990 
1482063000 
1482063010 
1482063020 
1482063030 
1482063040 
1482063050 
1482063060 
1482063070 
1482063080 
1482063090 
1482063100 
1482063110 
1482063120 
1482063130 
1482063140 
1482063150 
1482063160 
1482063170 
1482063180 
1482063190 
1482063200 
1482063210 
1482063220 
1482063240 
1482063250 
1482063260 
1482063270 
1482063280 
1482063290 
1482063300 
1482063310 
1482063320 
1482063330 
1482063340 
1482063350 
1482063360 
1482063370 
1482063380 
1482063390 
1482063400 
1482063410 
1482063420 
1482063430 
1482063440 
1482063450 
1482063460 
1482063470 
1482063480 
1482063490 
1482063500 
1482063510 
1482063520 
1482063530 
1482063540 
1482063550 
1482063560 
1482063570 
1482063580 
1482063590 
1482063600 
1482063610 
1482063620 
1482063630 
1482063640 
1482063650 
1482063660 
1482063670 
1482063680 
1482063690 
1482063700 
1482063710 
1482063720 
1482063730 
1482063740 
1482063750 
1482063760 
1482063770 
1482063780 
1482063790 
1482063800 
1482063810 
1482063820 
1482063830 
1482063840 
1482063850 
1482063860 
1482063870 
1482063880 
1482063890 
1482063900 
1482063910 
1482063920 
1482063930 
1482063940 
1482063950 
1482063960 
1482063970 
1482063980 
1482063990 
1482064000 
1482064010 
1482064020 
1482064030 
1482064040 
1482064050 
1482064060 
1482064070 
1482064080 
1482064090 
1482064100 
1482064110 
1482064120 
1482064130 
1482064140 
1482064150 
1482064160 
1482064170 
1482064180 
1482064190 
1482064200 
1482064210 
1482064220 
1482064230 
1482064240 
1482064250 
1482064260 
1482064270 
1482064280 
1482064290 
1482064300 
1482064310 
1482064320 
1482064330 
1482064340 
1482064350 
1482064360 
1482064370 
1482064380 
1482064390 
1482064400 
1482064410 
1482064420 
1482064430 
1482064440 
1482064450 
1482064460 
1482064470 
1482064480 
1482064490 
1482064500 
1482064510 
1482064520 
1482064530 
1482064540 
1482064550 
1482064560 
1482064570 
1482064580 
1482064590 
1482064600 
1482064610 
1482064620 
1482064630 
1482064640 
1482064650 
1482064660 
1482064670 
1482064680 
1482064690 
1482064700 
1482064710 
1482064720 
1482064730 
1482064740 
1482064750 
1482064760 
1482064770 
1482064780 
1482064790 
1482064800 
1482064810 
1482064820 
1482064830 
1482064840 
1482064850 
1482064860 
1482064870 
1482064880 
1482064890 
1482064900 
1482064910 
1482064920 
1482064930 
1482064940 
1482064950 
1482064960 
1482064970 
1482064980 
1482064990 
1482065000 
1482065010 
1482065020 
1482065030 
1482065040 
1482065050 
1482065060 
1482065070 
1482065080 
1482065090 
1482065100 
1482065110 
1482065120 
1482065130 
1482065140 
1482065150 
1482065160 
1482065170 
1482065180 
1482065190 
1482065200 
1482065210 
1482065220 
1482065230 
1482065240 
1482065250 
1482065260 
1482065270 
1482065280 
1482065290 
1482065300 
1482065310 
1482065320 
1482065330 
1482065340 
1482065350 
1482065360 
1482065370 
1482065380 
1482065390 
1482065400 
1482065410 
1482065420 
1482065430 
1482065440 
1482065450 
1482065460 
1482065470 
1482065480 
1482065490 
1482065500 
1482065510 
1482065520 
1482065530 
1482065540 
1482065550 
1482065560 
1482065570 
1482065580 
1482065590 
1482065600 
1482065610 
1482065620 
1482065630 
1482065640 
1482065650 
1482065660 
1482065670 
1482065680 
1482065690 
1482065700 
1482065710 
1482065720 
1482065730 
1482065740 
1482065750 
1482065760 
1482065770 
1482065780 
1482065790 
1482065800 
1482065810 
1482065820 
1482065830 
1482065840 
1482065850 
1482065860 
1482065870 
1482065880 
1482065890 
1482065900 
1482065910 
1482065920 
1482065930 
1482065940 
1482065950 
1482065960 
1482065970 
1482065990 
1482066000 
1482066010 
1482066020 
1482066030 
1482066040 
1482066050 
1482066060 
1482066070 
1482066080 
1482066090 
1482066100 
1482066110 
1482066120 
1482066130 
1482066140 
1482066150 
1482066160 
1482066170 
1482066180 
1482066190 
1482066200 
1482066210 
1482066220 
1482066230 
1482066240 
1482066250 
1482066260 
1482066270 
1482066280 
1482066290 
1482066300 
1482066310 
1482066320 
1482066330 
1482066340 
1482066350 
1482066360 
1482066370 
1482066380 
1482066390 
1482066400 
1482066410 
1482066420 
1482066430 
1482066440 
1482066450 
1482066460 
1482066470 
1482066480 
1482066490 
1482066500 
1482066510 
1482066520 
1482066530 
1482066540 
1482066550 
1482066560 
1482066570 
1482066580 
1482066590 
1482066600 
1482066610 
1482066620 
1482066630 
1482066640 
1482066650 
1482066660 
1482066670 
1482066680 
1482066690 
1482066700 
1482066710 
1482066720 
1482066730 
1482066740 
1482066750 
1482066760 
1482066770 
1482066780 
1482066790 
1482066800 
1482066810 
1482066820 
1482066830 
1482066840 
1482066850 
1482066860 
1482066870 
1482066880 
1482066890 
1482066900 
1482066910 
1482066920 
1482066930 
1482066940 
1482066950 
1482066960 
1482066970 
1482066980 
1482066990 
1482067000 
1482067010 
1482067020 
1482067030 
1482067040 
1482067050 
1482067060 
1482067070 
1482067080 
1482067090 
1482067100 
1482067110 
1482067120 
1482067130 
1482067140 
1482067150 
1482067160 
1482067170 
1482067180 
1482067190 
1482067200 
1482067210 
1482067220 
1482067230 
1482067240 
1482067250 
1482067260 
1482067270 
1482067280 
1482067290 
1482067300 
1482067310 
1482067320 
1482067330 
1482067340 
1482067350 
1482067360 
1482067370 
1482067380 
1482067390 
1482067400 
1482067410 
1482067420 
1482067430 
1482067440 
1482067450 
1482067460 
1482067470 
1482067480 
1482067490 
1482067500 
1482067510 
1482067520 
1482067530 
1482067540 
1482067550 
1482067560 
1482067570 
1482067580 
1482067590 
1482067600 
1482067610 
1482067620 
1482067630 
1482067640 
1482067650 
1482067660 
1482067670 
1482067680 
1482067690 
1482067700 
1482067710 
1482067720 
1482067730 
1482067740 
1482067750 
1482067760 
1482067770 
1482067780 
1482067790 
1482067800 
1482067810 
1482067820 
1482067830 
1482067840 
1482067850 
1482067860 
1482067870 
1482067880 
1482067890 
1482067900 
1482067910 
1482067920 
1482067930 
1482067940 
1482067950 
1482067960 
1482067970 
1482067980 
1482067990 
1482068000 
1482068010 
1482068020 
1482068030 
1482068040 
1482068050 
1482068060 
1482068070 
1482068080 
1482068090 
1482068100 
1482068110 
1482068120 
1482068130 
1482068140 
1482068150 
1482068160 
1482068170 
1482068180 
1482068190 
1482068200 
1482068210 
1482068220 
1482068230 
1482068240 
1482068250 
1482068260 
1482068270 
1482068280 
1482068290 
1482068300 
1482068310 
1482068320 
1482068330 
1482068340 
1482068350 
1482068360 
1482068370 
1482068380 
1482068390 
1482068400 
1482068410 
1482068420 
1482068430 
1482068440 
1482068450 
1482068460 
1482068470 
1482068480 
1482068490 
1482068500 
1482068510 
1482068520 
1482068530 
1482068540 
1482068550 
1482068560 
1482068570 
1482068580 
1482068590 
1482068600 
1482068610 
1482068620 
1482068630 
1482068640 
1482068650 
1482068660 
1482068670 
1482068680 
1482068690 
1482068700 
1482068710 
1482068720 
1482068730 
1482068740 
1482068750 
1482068760 
1482068770 
1482068780 
1482068790 
1482068800 
1482068810 
1482068820 
1482068830 
1482068840 
1482068850 
1482068860 
1482068870 
1482068880 
1482068890 
1482068900 
1482068910 
1482068920 
1482068930 
1482068940 
1482068950 
1482068960 
1482068970 
1482068980 
1482068990 
1482069000 
1482069010 
1482069020 
1482069030 
1482069040 
1482069050 
1482069060 
1482069070 
1482069080 
1482069090 
1482069100 
1482069110 
1482069120 
1482069130 
1482069140 
1482069150 
1482069160 
1482069170 
1482069180 
1482069190 
1482069200 
1482069210 
1482069220 
1482069230 
1482069240 
1482069250 
1482069260 
1482069270 
1482069280 
1482069290 
1482069300 
1482069310 
1482069320 
1482069330 
1482069340 
1482069350 
1482069360 
1482069370 
1482069380 
1482069390 
1482069400 
1482069410 
1482069420 
1482069430 
1482069440 
1482069450 
1482069460 
1482069470 
1482069480 
1482069490 
1482069500 
1482069510 
1482069520 
1482069530 
1482069540 
1482069550 
1482069560 
1482069570 
1482069580 
1482069590 
1482069600 
1482069610 
1482069620 
1482069630 
1482069640 
1482069650 
1482069660 
1482069670 
1482069680 
1482069690 
1482069700 
1482069710 
1482069720 
1482069730 
1482069740 
1482069750 
1482069760 
1482069770 
1482069780 
1482069790 
1482069800 
1482069810 
1482069820 
1482069830 
1482069840 
1482069850 
1482069860 
1482069870 
1482069880 
1482069890 
1482069900 
1482069910 
1482069920 
1482069930 
1482069940 
1482069950 
1482069960 
1482069970 
1482069980 
1482069990 
1482070000 
1482070010 
1482070020 
1482070030 
1482070040 
1482070050 
1482070060 
1482070070 
1482070080 
1482070090 
1482070100 
1482070110 
1482070120 
1482070130 
1482070140 
1482070150 
1482070160 
1482070170 
1482070180 
1482070190 
1482070200 
1482070210 
1482070220 
1482070230 
1482070240 
1482070250 
1482070260 
1482070270 
1482070280 
1482070290 
1482070300 
1482070310 
1482070320 
1482070330 
1482070340 
1482070350 
1482070360 
1482070370 
1482070380 
1482070390 
1482070400 
1482070410 
1482070420 
1482070430 
1482070440 
1482070450 
1482070460 
1482070470 
1482070480 
1482070490 
1482070500 
1482070510 
1482070520 
1482070530 
1482070540 
1482070550 
1482070560 
1482070570 
1482070580 
1482070590 
1482070600 
1482070610 
1482070620 
1482070630 
1482070640 
1482070650 
1482070660 
1482070670 
1482070680 
1482070690 
1482070700 
1482070710 
1482070720 
1482070730 
1482070740 
1482070750 
1482070760 
1482070770 
1482070780 
1482070790 
1482070800 
1482070810 
1482070820 
1482070830 
1482070840 
1482070850 
1482070860 
1482070870 
1482070880 
1482070890 
1482070900 
1482070910 
1482070920 
1482070930 
1482070940 
1482070950 
1482070960 
1482070970 
1482070980 
1482070990 
1482071000 
1482071010 
1482071020 
1482071030 
1482071040 
1482071050 
1482071060 
1482071070 
1482071080 
1482071090 
1482071100 
1482071110 
1482071120 
1482071130 
1482071140 
1482071150 
1482071160 
1482071170 
1482071180 
1482071190 
1482071200 
1482071210 
1482071220 
1482071230 
1482071240 
1482071250 
1482071260 
1482071270 
1482071280 
1482071290 
1482071300 
1482071310 
1482071320 
1482071330 
1482071340 
1482071350 
1482071360 
1482071370 
1482071380 
1482071390 
1482071400 
1482071410 
1482071420 
1482071430 
1482071440 
1482071450 
1482071460 
1482071470 
1482071480 
1482071490 
1482071500 
1482071510 
1482071520 
1482071530 
1482071540 
1482071550 
1482071560 
1482071570 
1482071580 
1482071590 
1482071600 
1482071610 
1482071620 
1482071630 
1482071640 
1482071650 
1482071660 
1482071670 
1482071680 
1482071690 
1482071700 
1482071710 
1482071720 
1482071730 
1482071740 
1482071750 
1482071760 
1482071770 
1482071780 
1482071790 
1482071800 
1482071810 
1482071820 
1482071830 
1482071840 
1482071850 
1482071860 
1482071870 
1482071880 
1482071890 
1482071900 
1482071910 
1482071920 
1482071930 
1482071940 
1482071950 
1482071960 
1482071970 
1482071980 
1482071990 
1482072000 
1482072010 
1482072020 
1482072030 
1482072040 
1482072050 
1482072060 
1482072070 
1482072080 
1482072090 
1482072100 
1482072110 
1482072120 
1482072130 
1482072140 
1482072150 
1482072160 
1482072170 
1482072180 
1482072190 
1482072200 
1482072210 
1482072220 
1482072230 
1482072240 
1482072250 
1482072260 
1482072270 
1482072280 
1482072290 
1482072300 
1482072310 
1482072320 
1482072330 
1482072340 
1482072350 
1482072360 
1482072370 
1482072380 
1482072390 
1482072400 
1482072410 
1482072420 
1482072430 
1482072440 
1482072450 
1482072460 
1482072470 
1482072480 
1482072490 
1482072500 
1482072510 
1482072520 
1482072530 
1482072540 
1482072550 
1482072560 
1482072570 
1482072580 
1482072590 
1482072600 
1482072610 
1482072620 
1482072630 
1482072640 
1482072650 
1482072660 
1482072670 
1482072680 
1482072690 
1482072700 
1482072710 
1482072720 
1482072730 
1482072740 
1482072750 
1482072760 
1482072770 
1482072780 
1482072790 
1482072800 
1482072810 
1482072820 
1482072830 
1482072840 
1482072850 
1482072860 
1482072870 
1482072880 
1482072890 
1482072900 
1482072910 
1482072920 
1482072930 
1482072940 
1482072950 
1482072960 
1482072970 
1482072980 
1482072990 
1482073000 
1482073010 
1482073020 
1482073030 
1482073040 
1482073050 
1482073060 
1482073070 
1482073080 
1482073090 
1482073100 
1482073110 
1482073120 
1482073130 
1482073140 
1482073150 
1482073160 
1482073170 
1482073180 
1482073190 
1482073200 
1482073210 
1482073220 
1482073230 
1482073240 
1482073250 
1482073260 
1482073270 
1482073280 
1482073290 
1482073300 
1482073310 
1482073320 
1482073330 
1482073340 
1482073350 
1482073360 
1482073370 
1482073380 
1482073390 
1482073400 
1482073410 
1482073420 
1482073430 
1482073440 
1482073450 
1482073460 
1482073470 
1482073480 
1482073490 
1482073500 
1482073510 
1482073520 
1482073530 
1482073540 
1482073550 
1482073560 
1482073570 
1482073580 
1482073590 
1482073600 
1482073610 
1482073620 
1482073630 
1482073640 
1482073650 
1482073660 
1482073670 
1482073680 
1482073690 
1482073700 
1482073710 
1482073720 
1482073730 
1482073740 
1482073750 
1482073760 
1482073770 
1482073780 
1482073790 
1482073800 
1482073810 
1482073820 
1482073830 
1482073840 
1482073850 
1482073860 
1482073870 
1482073880 
1482073890 
1482073900 
1482073910 
1482073920 
1482073930 
1482073940 
1482073950 
1482073960 
1482073970 
1482073980 
1482073990 
1482074000 
1482074010 
1482074020 
1482074030 
1482074040 
1482074050 
1482074060 
1482074070 
1482074080 
1482074090 
1482074100 
1482074110 
1482074120 
1482074130 
1482074140 
1482074150 
1482074160 
1482074170 
1482074180 
1482074190 
1482074200 
1482074210 
1482074220 
1482074230 
1482074240 
1482074250 
1482074260 
1482074270 
1482074280 
1482074290 
1482074300 
1482074310 
1482074320 
1482074330 
1482074340 
1482074350 
1482074360 
1482074370 
1482074380 
1482074390 
1482074400 
1482074410 
1482074420 
1482074430 
1482074440 
1482074450 
1482074460 
1482074470 
1482074480 
1482074490 
1482074500 
1482074510 
1482074520 
1482074530 
1482074540 
1482074550 
1482074560 
1482074570 
1482074580 
1482074590 
1482074600 
1482074610 
1482074620 
1482074630 
1482074640 
1482074650 
1482074660 
1482074670 
1482074680 
1482074690 
1482074700 
1482074710 
1482074720 
1482074730 
1482074740 
1482074750 
1482074760 
1482074770 
1482074780 
1482074790 
1482074800 
1482074810 
1482074820 
1482074830 
1482074840 
1482074850 
1482074860 
1482074870 
1482074880 
1482074890 
1482074900 
1482074910 
1482074920 
1482074930 
1482074940 
1482074950 
1482074960 
1482074970 
1482074980 
1482074990 
1482075000 
1482075010 
1482075020 
1482075030 
1482075040 
1482075050 
1482075060 
1482075070 
1482075080 
1482075090 
1482075100 
1482075110 
1482075120 
1482075130 
1482075140 
1482075150 
1482075160 
1482075170 
1482075180 
1482075190 
1482075200 
1482075210 
1482075220 
1482075230 
1482075240 
1482075250 
1482075260 
1482075270 
1482075280 
1482075290 
1482075300 
1482075310 
1482075320 
1482075330 
1482075340 
1482075350 
1482075360 
1482075370 
1482075380 
1482075390 
1482075400 
1482075410 
1482075420 
1482075430 
1482075440 
1482075450 
1482075460 
1482075470 
1482075480 
1482075490 
1482075500 
1482075510 
1482075520 
1482075530 
1482075540 
1482075550 
1482075560 
1482075570 
1482075580 
1482075590 
1482075600 
1482075610 
1482075620 
1482075630 
1482075640 
1482075650 
1482075660 
1482075670 
1482075680 
1482075690 
1482075700 
1482075710 
1482075720 
1482075730 
1482075740 
1482075750 
1482075760 
1482075770 
1482075780 
1482075790 
1482075800 
1482075810 
1482075820 
1482075830 
1482075840 
1482075850 
1482075860 
1482075870 
1482075880 
1482075890 
1482075900 
1482075910 
1482075920 
1482075930 
1482075940 
1482075950 
1482075960 
1482075970 
1482075980 
1482075990 
1482076000 
1482076010 
1482076020 
1482076030 
1482076040 
1482076050 
1482076060 
1482076070 
1482076080 
1482076090 
1482076100 
1482076110 
1482076120 
1482076130 
1482076140 
1482076150 
1482076160 
1482076170 
1482076180 
1482076190 
1482076200 
1482076210 
1482076220 
1482076230 
1482076240 
1482076250 
1482076260 
1482076270 
1482076280 
1482076290 
1482076300 
1482076310 
1482076320 
1482076330 
1482076340 
1482076350 
1482076360 
1482076370 
1482076380 
1482076390 
1482076400 
1482076410 
1482076420 
1482076430 
1482076440 
1482076450 
1482076460 
1482076470 
1482076480 
1482076490 
1482076500 
1482076510 
1482076520 
1482076530 
1482076540 
1482076550 
1482076560 
1482076570 
1482076580 
1482076590 
1482076600 
1482076610 
1482076620 
1482076630 
1482076640 
1482076650 
1482076660 
1482076670 
1482076680 
1482076690 
1482076700 
1482076710 
1482076720 
1482076730 
1482076740 
1482076750 
1482076760 
1482076770 
1482076780 
1482076790 
1482076800 
1482076810 
1482076820 
1482076830 
1482076840 
1482076850 
1482076860 
1482076870 
1482076880 
1482076890 
1482076900 
1482076910 
1482076920 
1482076930 
1482076940 
1482076950 
1482076960 
1482076970 
1482076980 
1482076990 
1482077000 
1482077010 
1482077020 
1482077030 
1482077040 
1482077050 
1482077060 
1482077070 
1482077080 
1482077090 
1482077100 
1482077110 
1482077120 
1482077130 
1482077140 
1482077150 
1482077160 
1482077170 
1482077180 
1482077190 
1482077200 
1482077210 
1482077220 
1482077230 
1482077240 
1482077250 
1482077260 
1482077270 
1482077280 
1482077290 
1482077300 
1482077310 
1482077320 
1482077330 
1482077340 
1482077350 
1482077360 
1482077370 
1482077380 
1482077390 
1482077400 
1482077410 
1482077420 
1482077430 
1482077440 
1482077450 
1482077460 
1482077470 
1482077480 
1482077490 
1482077500 
1482077510 
1482077520 
1482077530 
1482077540 
1482077550 
1482077560 
1482077570 
1482077580 
1482077590 
1482077600 
1482077610 
1482077620 
1482077630 
1482077640 
1482077650 
1482077660 
1482077670 
1482077680 
1482077690 
1482077700 
1482077710 
1482077720 
1482077730 
1482077740 
1482077750 
1482077760 
1482077770 
1482077780 
1482077790 
1482077800 
1482077810 
1482077820 
1482077830 
1482077840 
1482077850 
1482077860 
1482077870 
1482077880 
1482077890 
1482077900 
1482077910 
1482077920 
1482077930 
1482077940 
1482077950 
1482077960 
1482077970 
1482077980 
1482077990 
1482078000 
1482078010 
1482078020 
1482078030 
1482078040 
1482078050 
1482078060 
1482078070 
1482078080 
1482078090 
1482078100 
1482078110 
1482078120 
1482078130 
1482078140 
1482078150 
1482078160 
1482078170 
1482078180 
1482078190 
1482078200 
1482078210 
1482078220 
1482078230 
1482078240 
1482078250 
1482078260 
1482078270 
1482078280 
1482078290 
1482078300 
1482078310 
1482078320 
1482078330 
1482078340 
1482078350 
1482078360 
1482078370 
1482078380 
1482078390 
1482078400 
1482078410 
1482078420 
1482078430 
1482078440 
1482078450 
1482078460 
1482078470 
1482078480 
1482078490 
1482078500 
1482078510 
1482078520 
1482078530 
1482078540 
1482078550 
1482078560 
1482078570 
1482078580 
1482078590 
1482078600 
1482078610 
1482078620 
1482078630 
1482078640 
1482078650 
1482078660 
1482078670 
1482078680 
1482078690 
1482078700 
1482078710 
1482078720 
1482078730 
1482078740 
1482078750 
1482078760 
1482078770 
1482078780 
1482078790 
1482078800 
1482078810 
1482078820 
1482078830 
1482078840 
1482078850 
1482078860 
1482078870 
1482078880 
1482078890 
1482078900 
1482078910 
1482078920 
1482078930 
1482078940 
1482078950 
1482078960 
1482078970 
1482078980 
1482078990 
1482079000 
1482079010 
1482079020 
1482079030 
1482079040 
1482079050 
1482079060 
1482079070 
1482079080 
1482079090 
1482079100 
1482079110 
1482079120 
1482079130 
1482079140 
1482079150 
1482079160 
1482079170 
1482079180 
1482079190 
1482079200 
1482079210 
1482079220 
1482079230 
1482079240 
1482079250 
1482079260 
1482079270 
1482079280 
1482079290 
1482079300 
1482079310 
1482079320 
1482079330 
1482079340 
1482079350 
1482079360 
1482079370 
1482079380 
1482079390 
1482079400 
1482079410 
1482079420 
1482079430 
1482079440 
1482079450 
1482079460 
1482079470 
1482079480 
1482079490 
1482079500 
1482079510 
1482079520 
1482079530 
1482079540 
1482079550 
1482079560 
1482079570 
1482079580 
1482079590 
1482079600 
1482079610 
1482079620 
1482079630 
1482079640 
1482079650 
1482079660 
1482079670 
1482079680 
1482079690 
1482079700 
1482079710 
1482079720 
1482079730 
1482079740 
1482079750 
1482079760 
1482079770 
1482079780 
1482079790 
1482079800 
1482079810 
1482079820 
1482079830 
1482079840 
1482079850 
1482079860 
1482079870 
1482079880 
1482079890 
1482079900 
1482079910 
1482079920 
1482079930 
1482079940 
1482079950 
1482079960 
1482079970 
1482079980 
1482079990 
1482080000 
1482080010 
1482080020 
1482080030 
1482080040 
1482080050 
1482080060 
1482080070 
1482080080 
1482080090 
1482080100 
1482080110 
1482080120 
1482080130 
1482080140 
1482080150 
1482080160 
1482080170 
1482080180 
1482080190 
1482080200 
1482080210 
1482080220 
1482080230 
1482080240 
1482080250 
1482080260 
1482080270 
1482080280 
1482080290 
1482080300 
1482080310 
1482080320 
1482080330 
1482080340 
1482080350 
1482080360 
1482080370 
1482080380 
1482080390 
1482080400 
1482080410 
1482080420 
1482080430 
1482080440 
1482080450 
1482080460 
1482080470 
1482080480 
1482080490 
1482080500 
1482080510 
1482080520 
1482080530 
1482080540 
1482080550 
1482080560 
1482080570 
1482080580 
1482080590 
1482080600 
1482080610 
1482080620 
1482080630 
1482080640 
1482080650 
1482080660 
1482080670 
1482080680 
1482080690 
1482080700 
1482080710 
1482080720 
1482080730 
1482080740 
1482080750 
1482080760 
1482080770 
1482080780 
1482080790 
1482080800 
1482080810 
1482080820 
1482080830 
1482080840 
1482080850 
1482080860 
1482080870 
1482080880 
1482080890 
1482080900 
1482080910 
1482080920 
1482080930 
1482080940 
1482080950 
1482080960 
1482080970 
1482080980 
1482080990 
1482081000 
1482081010 
1482081020 
1482081030 
1482081040 
1482081050 
1482081060 
1482081070 
1482081080 
1482081090 
1482081100 
1482081110 
1482081120 
1482081130 
1482081140 
1482081150 
1482081160 
1482081170 
1482081180 
1482081190 
1482081200 
1482081210 
1482081220 
1482081230 
1482081240 
1482081250 
1482081260 
1482081270 
1482081280 
1482081290 
1482081300 
1482081310 
1482081320 
1482081330 
1482081340 
1482081350 
1482081360 
1482081370 
1482081380 
1482081390 
1482081400 
1482081410 
1482081420 
1482081430 
1482081440 
1482081450 
1482081460 
1482081470 
1482081480 
1482081490 
1482081500 
1482081510 
1482081520 
1482081530 
1482081540 
1482081550 
1482081560 
1482081570 
1482081580 
1482081590 
1482081600 
1482081610 
1482081620 
1482081630 
1482081640 
1482081650 
1482081660 
1482081670 
1482081680 
1482081690 
1482081700 
1482081710 
1482081720 
1482081730 
1482081740 
1482081750 
1482081760 
1482081770 
1482081780 
1482081790 
1482081800 
1482081810 
1482081820 
1482081830 
