1482053500 1482053504
1482054310 1482054324
1482056050 1482056170
1482056880 1482056930
1482057080 1482057125
1482057530 1482057575
1482058110 1482058170
1482058970 1482059050
1482062130 1482062170
1482062230 1482062260
1482062355 1482062410
1482062570 1482062600
1482065765 1482065850
1482066115 1482066200
1482066425 1482066460
1482067405 1482067480
1482072730 1482072770
1482073050 1482073110
1482075805 1482075855
1482076145 1482076215
1482076290 1482076355
1482076585 1482076625
1482076750 1482076805
1482078055 1482078055
1482078205 1482078235
1482078825 1482078860
1482081130 1482081180
1482067390 1482067574
1482076315 1482076494
1482078630 1482078779
1482079540 1482079749